%YAML:1.0
---
homography: !!opencv-matrix
   rows: 3
   cols: 3
   dt: d
   data: [ -0.078386427644899087, -0.054503062971843902,
       152.76596157041877, -0.034728544160985163, -0.52919686340548677,
       694.44850644503879, -2.6869954785444785e-05,
       -0.0011600458235887612, 1. ]
